BBGG
00 KKRW
00 00 YYYY
00 01 YYRY
00 01 02 RRYR
00 01 10 WWWY
00 01 11 WWYY
00 01 12 BRBY
00 01 12 02 RYYR
00 01 12 11 YRYR
00 01 12 20 RRYY
00 01 20 BWBB
00 01 20 01 WYWY
00 01 20 10 YWWY
00 01 21 BWBB
00 01 21 00 YYYK
00 01 21 01 WYYY
00 01 21 10 YWYY
00 01 22 BRBY
00 01 22 02 YYYR
00 01 22 11 RYYY
00 01 22 20 YRYY
00 01 30 BBBK
00 01 30 00 YYWY
00 01 30 01 YYKY
00 02 YYKR
00 02 01 WWWK
00 02 02 BRBR
00 02 02 00 WWYK
00 02 02 01 RWWY
00 02 02 10 WRWY
00 02 02 11 RRWY
00 02 03 BRBK
00 02 03 01 RWYY
00 02 03 10 WRYY
00 02 03 20 RRYK
00 02 10 BRRR
00 02 10 10 WWWR
00 02 10 11 RWWR
00 02 10 20 WRWR
00 02 10 21 RRWR
00 02 11 BWKW
00 02 11 01 WRYR
00 02 11 03 WYWK
00 02 11 10 RWYR
00 02 11 11 WWYR
00 02 11 12 YWWK
00 02 11 21 WWKY
00 02 12 BYBK
00 02 12 01 YRWY
00 02 12 02 RRKY
00 02 12 10 RYWY
00 02 12 11 YWYK
00 02 12 20 WYYK
00 02 13 BRBB
00 02 13 01 RYYK
00 02 13 10 YRYK
00 02 20 BYWW
00 02 20 00 RRKR
00 02 20 11 YRWR
00 02 20 12 YWWR
00 02 20 20 RYWR
00 02 20 21 WYWR
00 02 21 BWKB
00 02 21 01 WYYR
00 02 21 02 YYWK
00 02 21 10 YWYR
00 02 21 11 WYKY
00 02 21 20 YWKY
00 02 22 BRBB
00 02 22 01 RYKY
00 02 22 10 YRKY
00 02 30 BRBK
00 02 30 01 YYWR
00 02 30 02 RYKR
00 02 30 10 YYKK
00 02 30 11 YRKR
00 03 RYWK
00 03 03 BBRR
00 03 03 10 WWKR
00 03 03 11 WRKR
00 03 04 BBBR
00 03 04 01 WRKY
00 03 04 10 YWKR
00 03 11 WWKK
00 03 12 BBBR
00 03 12 00 YWKK
00 03 12 01 YRKK
00 03 12 10 RWKR
00 03 13 BBKR
00 03 13 02 WRYK
00 03 13 11 RWKY
00 03 13 20 WYKR
00 03 20 RRKK
00 03 21 BBBR
00 03 21 00 WYKK
00 03 21 01 WRWK
00 03 22 BBWB
00 03 22 01 RWYK
00 03 22 10 YRWK
00 03 30 BBWW
00 03 30 00 RYKK
00 03 30 10 RRWK
00 03 30 11 RWWK
00 04 BRBB
00 04 01 RWKK
00 04 10 WRKK
00 10 KYWY
00 10 00 RRRR
00 10 01 YRRR
00 10 02 WWYW
00 10 03 YWYW
00 10 10 BBBR
00 10 10 00 WWWW
00 10 10 01 RRRY
00 10 10 10 RYRR
00 10 11 BBBR
00 10 11 00 YWWW
00 10 11 01 YRRY
00 10 11 10 YYRR
00 10 12 BBWW
00 10 12 00 YKYY
00 10 12 10 YYYW
00 10 12 11 WYYW
00 10 20 BBRR
00 10 20 00 WYWW
00 10 20 10 YYRY
00 10 20 11 RYRY
00 10 21 YYWW
00 10 30 KYYY
00 11 KKYY
00 11 00 BRRR
00 11 00 01 RWWW
00 11 00 10 WRWW
00 11 00 11 RRWW
00 11 00 20 WWRR
00 11 00 21 RWRR
00 11 00 30 WRRR
00 11 01 KYRR
00 11 01 01 WWKW
00 11 01 02 YRWW
00 11 01 11 RYWW
00 11 01 12 RRRK
00 11 01 21 YWRR
00 11 01 30 WYRR
00 11 02 BYBR
00 11 02 01 YWKW
00 11 02 02 YRRK
00 11 02 10 WYKW
00 11 02 11 RYRK
00 11 03 BBBK
00 11 03 01 YYKW
00 11 03 10 YYRK
00 11 10 BRRY
00 11 10 02 RWYW
00 11 10 11 WRYW
00 11 10 12 RRYW
00 11 10 20 WWRY
00 11 10 21 RWRY
00 11 10 30 WRRY
00 11 11 BYRY
00 11 11 03 YRYW
00 11 11 12 RYYW
00 11 11 21 YWRY
00 11 11 30 WYRY
00 11 12 BKBB
00 11 12 01 KYKK
00 11 12 10 YKKK
00 11 20 BKBR
00 11 20 01 KWWY
00 11 20 10 WKWY
00 11 20 11 KRYR
00 11 20 20 RKYR
00 11 21 BKBR
00 11 21 01 KYWY
00 11 21 10 YKWY
00 11 21 11 KYYR
00 11 21 20 YKYR
00 11 22 BKKY
00 11 22 03 KYYK
00 11 22 12 YKYK
00 11 22 21 KYKY
00 11 22 30 YKKY
00 11 30 BKBR
00 11 30 01 KWYY
00 11 30 02 KRYY
00 11 30 10 WKYY
00 11 30 11 RKYY
00 12 KRWR
00 12 02 BRKY
00 12 02 02 WKYK
00 12 02 03 RKYK
00 12 02 10 WKKK
00 12 02 11 RKKK
00 12 02 20 WKKY
00 12 02 21 RKKY
00 12 03 BWKW
00 12 03 02 WYRK
00 12 03 11 YWRK
00 12 03 12 WWRK
00 12 03 20 RYKW
00 12 03 30 RWKW
00 12 04 RWRK
00 12 11 BKWY
00 12 11 02 KWKK
00 12 11 03 KWYK
00 12 11 11 YKKR
00 12 11 12 KWKY
00 12 11 20 WKWK
00 12 11 21 YKWK
00 12 12 BKBY
00 12 12 01 WRKW
00 12 12 02 YRKW
00 12 12 10 RKKR
00 12 12 11 WKYR
00 12 12 20 RKWY
00 12 13 BBBK
00 12 13 01 RRKW
00 12 13 10 WRRK
00 12 20 BRBY
00 12 20 00 KWWK
00 12 20 01 KYWK
00 12 20 02 KYKR
00 12 20 10 KRKK
00 12 20 11 KRYK
00 12 20 20 KRKY
00 12 21 BBWW
00 12 21 01 KWYR
00 12 21 10 YKWR
00 12 21 11 WKWR
00 12 22 RKWR
00 12 30 BBKY
00 12 30 01 KWWR
00 12 30 02 KYWR
00 12 30 10 KRKR
00 12 30 11 KRWY
00 13 BKKR
00 13 03 KRWK
00 13 12 RKWK
00 13 21 KWKR
00 13 30 WKKR
00 20 KYKY
00 20 00 BRRR
00 20 00 10 WWRW
00 20 00 11 RWRW
00 20 00 20 WRRW
00 20 00 21 RRRW
00 20 01 BBRR
00 20 01 00 WKWW
00 20 01 10 YWRW
00 20 01 11 YRRW
00 20 01 20 RKRR
00 20 02 BBWB
00 20 02 00 YKRR
00 20 02 01 WKYW
00 20 02 10 YKWW
00 20 03 YKYW
00 20 10 BBRR
00 20 10 00 KWWW
00 20 10 10 WYRW
00 20 10 11 RYRW
00 20 10 20 KRRR
00 20 11 BBKW
00 20 11 01 RKRY
00 20 11 10 YYRW
00 20 11 11 KWYW
00 20 12 BBBK
00 20 12 01 YKRY
00 20 12 10 KKYK
00 20 20 BBKR
00 20 20 01 KYWW
00 20 20 02 KRRY
00 20 20 10 KKKK
00 20 20 11 KYRR
00 20 21 KYYW
00 20 22 KKYY
00 20 30 BBBR
00 20 30 00 KKKY
00 20 30 01 KYRY
00 21 BKRR
00 21 01 BBBY
00 21 01 00 KWKW
00 21 01 01 KYKW
00 21 02 BBBY
00 21 02 00 KRWW
00 21 02 01 KRYW
00 21 10 BBWY
00 21 10 01 WKKW
00 21 10 02 YKKW
00 21 10 10 KKWK
00 21 10 20 KKWY
00 21 11 BBRY
00 21 11 01 RKWW
00 21 11 02 RKYW
00 21 11 11 KYRK
00 21 11 20 KWRY
00 21 12 KRRK
00 21 20 BBRY
00 21 20 01 KKKR
00 21 20 02 KKYR
00 21 20 11 YKRK
00 21 20 20 WKRY
00 21 21 BBBK
00 21 21 01 KWRR
00 21 21 10 RKRK
00 21 30 WKRR
00 22 BKBR
00 22 02 BBBK
00 22 02 01 KRKW
00 22 02 10 KWRK
00 22 11 BBBK
00 22 11 01 RKKW
00 22 11 10 WKRK
00 22 20 KKWR
00 30 KRRY
00 30 10 BBKB
00 30 10 01 KKWW
00 30 10 10 KKKW
00 30 11 BBBR
00 30 11 00 KKYW
00 30 11 01 WKRW
00 30 12 BBBY
00 30 12 00 RKRW
00 30 12 01 YKRW
00 30 20 BBBK
00 30 20 01 KWRW
00 30 20 10 KKRK
00 30 21 BBBR
00 30 21 01 KYRW
00 30 21 10 KKRR
00 30 30 BBBW
00 30 30 00 KKRY
00 30 30 10 KRRW
01 GKRR
01 00 BWBW
01 00 01 YYYB
01 00 02 BBWB
01 00 02 11 WYYB
01 00 02 20 YYWB
01 00 03 WYWB
01 00 10 YYBY
01 00 11 BBBG
01 00 11 01 YWYB
01 00 11 10 WYBY
01 00 12 BBWY
01 00 12 03 WWYB
01 00 12 11 WWWB
01 00 12 12 YWWB
01 00 20 BBBW
01 00 20 11 YWBY
01 00 20 20 YYBW
01 00 21 BBBW
01 00 21 11 WWBY
01 00 21 20 WYBW
01 00 30 BBBY
01 00 30 10 WWBW
01 00 30 11 YWBW
01 01 GWBW
01 01 01 BRYY
01 01 01 02 KYKB
01 01 01 03 YYKB
01 01 01 12 KYYB
01 01 01 13 RYYB
01 01 01 20 YGYY
01 01 01 22 YRYB
01 01 02 BYWK
01 01 02 02 WGYY
01 01 02 03 WRYB
01 01 02 11 YGWY
01 01 02 12 YRWB
01 01 02 13 WYKB
01 01 02 21 RYWB
01 01 02 22 KYWB
01 01 03 BBBB
01 01 03 00 WGWY
01 01 03 10 WRWB
01 01 10 BRYY
01 01 10 02 KYBK
01 01 10 03 YYBK
01 01 10 12 KYBY
01 01 10 13 RYBY
01 01 10 22 YRBY
01 01 11 BKKB
01 01 11 00 YGYW
01 01 11 01 WRBY
01 01 11 02 WYBK
01 01 11 10 RWYB
01 01 11 11 KWYB
01 01 11 20 YWKB
01 01 11 21 KWKB
01 01 12 KBYW
01 01 12 02 RWWB
01 01 12 03 WWKB
01 01 12 10 WGWW
01 01 12 11 YGWW
01 01 12 12 KWWB
01 01 12 20 WGYW
01 01 20 RWBY
01 01 20 12 KYBW
01 01 20 13 YRBW
01 01 20 20 KWBK
01 01 20 21 YWBK
01 01 20 22 RYBW
01 01 20 30 KWBY
01 01 21 BBBK
01 01 21 10 WRBW
01 01 21 20 WWBK
01 01 30 BBBK
01 01 30 10 RWBW
01 01 30 11 KWBW
01 02 KGKW
01 02 00 BBBG
01 02 00 01 RRYB
01 02 00 10 RRBY
01 02 01 BRBK
01 02 01 11 RRWB
01 02 01 21 RYBK
01 02 01 30 YRBK
01 02 02 BRBB
01 02 02 11 RWBK
01 02 02 20 WRBK
01 02 10 GYKB
01 02 10 01 RRBW
01 02 10 02 RGYY
01 02 10 03 KRBY
01 02 10 12 KRYB
01 02 10 21 YRKB
01 02 10 30 RYKB
01 02 11 BRWK
01 02 11 04 RWKB
01 02 11 10 YGYK
01 02 11 11 RGWY
01 02 11 13 WRKB
01 02 11 21 KRBK
01 02 11 22 KRWB
01 02 12 BBWW
01 02 12 01 WGYK
01 02 12 10 YGWK
01 02 12 11 WGWK
01 02 20 BKKY
01 02 20 00 RGWW
01 02 20 01 RGYW
01 02 20 02 KRBW
01 02 20 11 KGYY
01 02 20 12 KRKB
01 02 20 20 YGKY
01 02 21 BBKK
01 02 21 01 KGWY
01 02 21 10 WGKY
01 02 21 11 KGYK
01 02 21 20 YGKK
01 02 22 BBKB
01 02 22 01 KGWK
01 02 22 10 WGKK
01 02 30 BWKY
01 02 30 02 KGWW
01 02 30 03 KGYW
01 02 30 10 KGKK
01 02 30 11 WGKW
01 02 30 12 YGKW
01 02 30 20 KGKY
01 03 GKKW
01 03 01 RRBK
01 03 02 RGYK
01 03 03 RGWK
01 03 10 RRKB
01 03 11 RGKY
01 03 12 RGKK
01 03 21 RGKW
01 10 BWBK
01 10 00 GYYY
01 10 01 BGWY
01 10 01 02 YYRB
01 10 01 03 GYYW
01 10 01 12 GYWW
01 10 01 21 GYWY
01 10 02 BKKK
01 10 02 01 WYRB
01 10 02 11 YKYB
01 10 02 12 KKYB
01 10 02 21 YKKB
01 10 02 22 KKKB
01 10 03 KBWY
01 10 03 03 WKKB
01 10 03 04 WKYB
01 10 03 12 WKWB
01 10 03 13 YKWB
01 10 03 21 KKWB
01 10 10 BGWY
01 10 10 02 YYBR
01 10 10 03 GWYW
01 10 10 11 GWWW
01 10 10 12 GWYY
01 10 10 21 GWWY
01 10 11 BYKK
01 10 11 01 WWRB
01 10 11 02 YWRB
01 10 11 03 YKBY
01 10 11 04 KKBY
01 10 11 11 WYBR
01 10 12 KBBY
01 10 12 11 WKBW
01 10 12 12 YKBW
01 10 12 20 KKBW
01 10 12 21 WKBY
01 10 20 BBYK
01 10 20 01 WWBR
01 10 20 02 YWBR
01 10 20 11 KKBK
01 10 20 12 YKBK
01 10 21 WKBK
01 11 RRBW
01 11 00 BBKY
01 11 00 02 GYYK
01 11 00 11 GYKK
01 11 00 20 GYKY
01 11 01 BWKY
01 11 01 01 YGYR
01 11 01 03 GYWK
01 11 01 10 YGRY
01 11 01 11 GWWK
01 11 01 12 GWYK
01 11 01 20 GWKK
01 11 01 30 GWKY
01 11 02 BBYR
01 11 02 02 WGRY
01 11 02 03 KYRB
01 11 02 10 WGWR
01 11 02 11 YGWR
01 11 02 20 WGYR
01 11 03 KWRB
01 11 10 BBBY
01 11 10 00 GWKW
01 11 10 01 GYKW
01 11 10 10 GRYY
01 11 11 BGYW
01 11 11 01 RKKB
01 11 11 02 KYBR
01 11 11 03 GRWY
01 11 11 11 RKYB
01 11 11 20 WGRW
01 11 11 21 YGRW
01 11 12 BRBK
01 11 12 02 RYRB
01 11 12 03 RKWB
01 11 12 11 YRRB
01 11 12 12 KWBR
01 11 13 BRBB
01 11 13 11 RWRB
01 11 13 20 WRRB
01 11 20 BBBY
01 11 20 00 GRWW
01 11 20 01 GRYW
01 11 20 10 RKBK
01 11 20 20 RKBY
01 11 21 BRBR
01 11 21 12 RRRB
01 11 21 21 RYBR
01 11 21 30 YRBR
01 11 22 BRBB
01 11 22 11 RWBR
01 11 22 20 WRBR
01 11 30 BBBK
01 11 30 10 RRBR
01 11 30 11 RKBW
01 12 KGRW
01 12 03 BBBY
01 12 03 00 GRKK
01 12 03 01 GRYK
01 12 03 10 GRKY
01 12 04 GRWK
01 12 11 BBBB
01 12 11 00 RGYR
01 12 11 10 KRBR
01 12 12 BBBK
01 12 12 00 RGWR
01 12 12 01 YGKR
01 12 13 BBBR
01 12 13 01 GRKW
01 12 13 10 WGKR
01 12 20 BBBB
01 12 20 00 RGRY
01 12 20 10 KRRB
01 12 21 BBKK
01 12 21 01 KGYR
01 12 21 10 YGRK
01 12 21 11 KGKR
01 12 22 BBBK
01 12 22 01 KGWR
01 12 22 10 WGRK
01 12 30 BBBK
01 12 30 00 RGRW
01 12 30 01 KGRY
01 12 30 10 KGRK
01 13 BBBK
01 13 01 RGKR
01 13 10 RGRK
01 20 BWRW
01 20 00 BBKY
01 20 00 02 GKYK
01 20 00 10 GKKK
01 20 00 11 GKYY
01 20 00 20 GKKY
01 20 01 BBBK
01 20 01 00 GYYR
01 20 01 01 GKWY
01 20 01 10 GKWK
01 20 02 BBBY
01 20 02 01 GYWR
01 20 02 10 KKBR
01 20 02 11 YKBR
01 20 03 WKBR
01 20 10 BBBY
01 20 10 00 GKKW
01 20 10 01 GKYW
01 20 10 10 GYRY
01 20 11 BBKK
01 20 11 00 GWYR
01 20 11 01 GKWW
01 20 11 02 YKRB
01 20 11 03 KKRB
01 20 12 BBBB
01 20 12 00 GWWR
01 20 12 10 WKRB
01 20 20 BBBW
01 20 20 01 GWRY
01 20 20 10 GYRW
01 20 30 GWRW
01 21 GRGW
01 21 01 BBBG
01 21 01 01 RKRB
01 21 01 10 RKBR
01 21 02 BBBY
01 21 02 00 RGRR
01 21 02 01 YGRR
01 21 03 WGRR
01 21 11 BBBK
01 21 11 01 GYKR
01 21 11 10 GYRK
01 21 12 BBBK
01 21 12 01 GWKR
01 21 12 10 GWRK
01 21 20 BBBR
01 21 20 01 GRRY
01 21 20 10 GRYR
01 21 21 GRWR
01 21 30 GRRW
01 22 BBKR
01 22 02 GRRK
01 22 11 KGRR
01 22 20 GRKR
01 30 BKKW
01 30 00 BBBY
01 30 00 00 GRRR
01 30 00 01 GYRR
01 30 01 GWRR
01 30 10 BBBR
01 30 10 01 GKRY
01 30 10 10 GKYR
01 30 11 BBBK
01 30 11 01 GKWR
01 30 11 10 GKRK
01 30 20 BBBR
01 30 20 01 GKRW
01 30 20 10 GKKR
02 GKRR
02 00 BWBW
02 00 11 YYBB
02 00 12 WYBB
02 00 21 YWBB
02 00 22 WWBB
02 01 BGWW
02 01 01 BRBB
02 01 01 20 KYBB
02 01 01 21 RYBB
02 01 01 30 YRBB
02 01 02 BRBB
02 01 02 20 KWBB
02 01 02 21 RWBB
02 01 02 30 WRBB
02 01 11 BBBG
02 01 11 02 YGYB
02 01 11 11 YGBY
02 01 12 BBBG
02 01 12 02 WGYB
02 01 12 11 WGBY
02 01 21 BBBG
02 01 21 02 YGWB
02 01 21 11 YGBW
02 01 22 BBBG
02 01 22 02 WGWB
02 01 22 11 WGBW
02 02 BRBW
02 02 01 BBKK
02 02 01 02 KGYB
02 02 01 11 YGKB
02 02 01 12 KGKB
02 02 02 BBKB
02 02 02 10 RGYB
02 02 02 11 KGWB
02 02 02 20 WGKB
02 02 03 RGWB
02 02 10 BBBY
02 02 10 10 KGBK
02 02 10 11 YGBK
02 02 10 20 KGBY
02 02 11 BBBK
02 02 11 10 RGBY
02 02 11 20 WGBK
02 02 20 KGBW
02 02 21 BBBK
02 02 21 10 RGBW
02 02 21 11 RRBB
02 02 21 12 KRBB
02 03 BBBG
02 03 02 RGKB
02 03 11 RGBK
02 10 GBWW
02 10 01 BBBY
02 10 01 11 KKBB
02 10 01 12 YKBB
02 10 02 WKBB
02 10 10 GGYY
02 10 11 BBBG
02 10 11 02 GYYB
02 10 11 11 GYBY
02 10 12 BBBG
02 10 12 02 GWYB
02 10 12 11 GWBY
02 10 20 BBBW
02 10 20 01 GGWY
02 10 20 10 GGYW
02 10 21 BBBG
02 10 21 02 GYWB
02 10 21 11 GYBW
02 10 22 BBBG
02 10 22 02 GWWB
02 10 22 11 GWBW
02 10 30 GGWW
02 11 BRBW
02 11 00 BBBY
02 11 00 00 GGKK
02 11 00 01 GGYK
02 11 00 10 GGKY
02 11 01 BBBB
02 11 01 00 GGWK
02 11 01 10 GYKB
02 11 02 BBBK
02 11 02 01 YGRB
02 11 02 02 GWKB
02 11 03 WGRB
02 11 10 BBBB
02 11 10 00 GGKW
02 11 10 10 GYBK
02 11 11 BBBK
02 11 11 01 GRYB
02 11 11 10 YGBR
02 11 11 20 GWBK
02 11 12 BBBK
02 11 12 01 GRWB
02 11 12 10 WGBR
02 11 12 12 RKBB
02 11 20 GRBY
02 11 30 GRBW
02 12 GRBK
02 12 03 RGRB
02 12 04 KGRB
02 12 12 RGBR
02 12 13 KGBR
02 12 22 GRKB
02 20 KKBW
02 20 00 BBBR
02 20 00 01 GGRY
02 20 00 10 GGYR
02 20 01 BBBB
02 20 01 00 GGWR
02 20 01 10 GYRB
02 20 02 GWRB
02 20 10 BBBB
02 20 10 00 GGRW
02 20 10 10 GYBR
02 20 11 BBBG
02 20 11 02 GKYB
02 20 11 11 GWBR
02 20 12 BBBW
02 20 12 01 GKKB
02 20 12 02 GKWB
02 20 20 GKBY
02 20 21 GKBK
02 20 30 GKBW
02 21 BBBR
02 21 01 GGRK
02 21 02 GRRB
02 21 10 GGKR
02 21 20 GRBR
02 30 BBBG
02 30 01 GGRR
02 30 02 GKRB
02 30 11 GKBR
03 BGBK
03 11 BBRW
03 11 01 GGYB
03 11 02 GGWB
03 11 11 GGRB
03 12 BRBW
03 12 01 GGKB
03 12 11 GYBB
03 12 12 GWBB
03 12 21 GRBB
03 13 GKBB
03 20 BBRW
03 20 01 GGBY
03 20 02 GGBR
03 20 11 GGBW
03 21 RBBW
03 21 11 YGBB
03 21 12 WGBB
03 21 21 RGBB
03 22 KGBB
03 30 GGBK
04 GGBB
10 BKRR
10 00 BWGW
10 00 01 YYYG
10 00 02 BBWB
10 00 02 01 WYYG
10 00 02 10 YYWG
10 00 03 WYWG
10 00 10 YYGY
10 00 11 BBBG
10 00 11 01 WYGY
10 00 11 10 YWYG
10 00 12 BBWY
10 00 12 02 WWYG
10 00 12 10 WWWG
10 00 12 11 YWWG
10 00 20 BBBW
10 00 20 01 YWGY
10 00 20 10 YYGW
10 00 21 BBBW
10 00 21 01 WWGY
10 00 21 10 WYGW
10 00 30 BBBY
10 00 30 00 WWGW
10 00 30 01 YWGW
10 01 BWGW
10 01 01 BYKK
10 01 01 01 YRYG
10 01 01 02 YBYY
10 01 01 10 RYYG
10 01 01 11 KYYG
10 01 01 20 YYKG
10 01 01 21 KYKG
10 01 02 GYWK
10 01 02 02 WBYY
10 01 02 03 WRYG
10 01 02 11 YBWY
10 01 02 12 YRWG
10 01 02 13 WYKG
10 01 02 21 RYWG
10 01 02 22 KYWG
10 01 03 BBBB
10 01 03 00 WRWG
10 01 03 10 WBWY
10 01 10 BRYY
10 01 10 01 KYGK
10 01 10 02 YYGK
10 01 10 11 KYGY
10 01 10 12 RYGY
10 01 10 21 YRGY
10 01 11 BWYR
10 01 11 02 WYGK
10 01 11 03 WRGY
10 01 11 10 KWKG
10 01 11 11 YWKG
10 01 11 12 YBYW
10 01 11 20 KWYG
10 01 11 21 RWYG
10 01 12 KBYW
10 01 12 01 RWWG
10 01 12 02 WWKG
10 01 12 11 KWWG
10 01 12 20 WBWW
10 01 12 21 YBWW
10 01 12 30 WBYW
10 01 20 RWBY
10 01 20 02 KYGW
10 01 20 03 YRGW
10 01 20 10 KWGK
10 01 20 11 YWGK
10 01 20 12 RYGW
10 01 20 20 KWGY
10 01 20 30 RWGY
10 01 21 BBBK
10 01 21 00 WRGW
10 01 21 10 WWGK
10 01 30 BBBK
10 01 30 00 RWGW
10 01 30 01 KWGW
10 02 KBKW
10 02 00 BBBG
10 02 00 01 RRGY
10 02 00 10 RRYG
10 02 01 BRBG
10 02 01 02 RYGK
10 02 01 11 YRGK
10 02 01 20 RRWG
10 02 02 BRBB
10 02 02 01 RWGK
10 02 02 10 WRGK
10 02 10 BYKG
10 02 10 01 RRGW
10 02 10 02 RBYY
10 02 10 03 KRGY
10 02 10 12 KRYG
10 02 10 21 YRKG
10 02 10 30 RYKG
10 02 11 BRWB
10 02 11 01 YBYK
10 02 11 02 RWKG
10 02 11 10 KRGK
10 02 11 11 WRKG
10 02 11 12 RBWY
10 02 11 20 KRWG
10 02 12 BBWW
10 02 12 11 WBYK
10 02 12 20 YBWK
10 02 12 21 WBWK
10 02 20 BRKY
10 02 20 02 RBWW
10 02 20 03 RBYW
10 02 20 11 KRGW
10 02 20 12 KBYY
10 02 20 20 KRKG
10 02 20 21 YBKY
10 02 21 BBKK
10 02 21 11 KBWY
10 02 21 20 WBKY
10 02 21 21 KBYK
10 02 21 30 YBKK
10 02 22 BBKB
10 02 22 11 KBWK
10 02 22 20 WBKK
10 02 30 BWKY
10 02 30 03 KBWW
10 02 30 04 KBYW
10 02 30 11 KBKK
10 02 30 12 WBKW
10 02 30 13 YBKW
10 02 30 21 KBKY
10 03 BKKW
10 03 01 RRGK
10 03 02 RBYK
10 03 03 RBWK
10 03 10 RRKG
10 03 11 RBKY
10 03 12 RBKK
10 03 21 RBKW
10 10 GWGK
10 10 00 BYYY
10 10 01 BBWY
10 10 01 01 YYRG
10 10 01 12 BYYW
10 10 01 21 BYWW
10 10 01 30 BYWY
10 10 02 BKKK
10 10 02 00 WYRG
10 10 02 10 YKYG
10 10 02 11 KKYG
10 10 02 20 YKKG
10 10 02 21 KKKG
10 10 03 KBWY
10 10 03 02 WKKG
10 10 03 03 WKYG
10 10 03 11 WKWG
10 10 03 12 YKWG
10 10 03 20 KKWG
10 10 10 BBWY
10 10 10 01 YYGR
10 10 10 12 BWYW
10 10 10 20 BWWW
10 10 10 21 BWYY
10 10 10 30 BWWY
10 10 11 BYKK
10 10 11 00 WWRG
10 10 11 01 YWRG
10 10 11 02 YKGY
10 10 11 03 KKGY
10 10 11 10 WYGR
10 10 12 KBBY
10 10 12 01 WKGW
10 10 12 02 YKGW
10 10 12 10 KKGW
10 10 12 11 WKGY
10 10 20 BBYK
10 10 20 00 WWGR
10 10 20 01 YWGR
10 10 20 10 KKGK
10 10 20 11 YKGK
10 10 21 WKGK
10 11 RRGW
10 11 00 BBKY
10 11 00 12 BYYK
10 11 00 21 BYKK
10 11 00 30 BYKY
10 11 01 BWKY
10 11 01 02 YBYR
10 11 01 11 YBRY
10 11 01 13 BYWK
10 11 01 21 BWWK
10 11 01 22 BWYK
10 11 01 30 BWKK
10 11 02 BBYR
10 11 02 02 KYRG
10 11 02 12 WBRY
10 11 02 20 WBWR
10 11 02 21 YBWR
10 11 02 30 WBYR
10 11 03 KWRG
10 11 10 BBBY
10 11 10 10 BWKW
10 11 10 11 BYKW
10 11 10 20 BRYY
10 11 11 BBYW
10 11 11 00 RKKG
10 11 11 01 KYGR
10 11 11 10 RKYG
10 11 11 12 BRWY
10 11 11 20 WBRW
10 11 11 21 YBRW
10 11 12 BRBR
10 11 12 01 RKWG
10 11 12 02 RYRG
10 11 12 10 KWGR
10 11 12 11 YRRG
10 11 13 BRBB
10 11 13 01 RWRG
10 11 13 10 WRRG
10 11 20 BBWK
10 11 20 01 RKGY
10 11 20 10 RKGK
10 11 20 11 BRYW
10 11 20 20 BRWW
10 11 21 BRBG
10 11 21 02 RYGR
10 11 21 11 YRGR
10 11 21 20 RRRG
10 11 22 BRBB
10 11 22 01 RWGR
10 11 22 10 WRGR
10 11 30 BBBK
10 11 30 00 RRGR
10 11 30 01 RKGW
10 12 KBRW
10 12 03 BBBY
10 12 03 10 BRKK
10 12 03 11 BRYK
10 12 03 20 BRKY
10 12 04 BRWK
10 12 11 BBBB
10 12 11 00 KRGR
10 12 11 10 RBYR
10 12 12 BBBK
10 12 12 10 RBWR
10 12 12 11 YBKR
10 12 13 BBBR
10 12 13 11 BRKW
10 12 13 20 WBKR
10 12 20 BBBB
10 12 20 00 KRRG
10 12 20 10 RBRY
10 12 21 BBKK
10 12 21 11 KBYR
10 12 21 20 YBRK
10 12 21 21 KBKR
10 12 22 BBBK
10 12 22 11 KBWR
10 12 22 20 WBRK
10 12 30 BBBK
10 12 30 10 RBRW
10 12 30 11 KBRY
10 12 30 20 KBRK
10 13 BBBK
10 13 11 RBKR
10 13 20 RBRK
10 20 BRBW
10 20 01 BBGY
10 20 01 01 KKRG
10 20 01 02 YKRG
10 20 01 10 KKGR
10 20 01 11 YKGR
10 20 02 BBBG
10 20 02 01 WKGR
10 20 02 10 WKRG
10 20 10 BBKY
10 20 10 12 BKYK
10 20 10 20 BKKK
10 20 10 21 BKYY
10 20 10 30 BKKY
10 20 11 BBRY
10 20 11 10 BKWK
10 20 11 12 BYYR
10 20 11 20 BKWY
10 20 11 30 BYRY
10 20 12 BBYR
10 20 12 12 BWRY
10 20 12 20 BWWR
10 20 12 21 BYWR
10 20 12 30 BWYR
10 20 20 BBKY
10 20 20 11 BKWW
10 20 20 12 BKYW
10 20 20 20 BKKW
10 20 21 BBBY
10 20 21 10 BWRW
10 20 21 11 BYRW
10 21 BRBW
10 21 01 BBBG
10 21 01 01 RKGR
10 21 01 10 RKRG
10 21 02 BBBY
10 21 02 10 RBRR
10 21 02 11 YBRR
10 21 03 WBRR
10 21 11 BBBK
10 21 11 11 BYKR
10 21 11 20 BYRK
10 21 12 BBBK
10 21 12 11 BWKR
10 21 12 20 BWRK
10 21 20 BBBR
10 21 20 11 BRRY
10 21 20 20 BRYR
10 21 21 BRWR
10 21 30 BRRW
10 22 BBKR
10 22 12 BRRK
10 22 21 KBRR
10 22 30 BRKR
10 30 BKKW
10 30 10 BBBY
10 30 10 10 BRRR
10 30 10 11 BYRR
10 30 11 BWRR
10 30 20 BBBR
10 30 20 11 BKRY
10 30 20 20 BKYR
10 30 21 BBBK
10 30 21 11 BKWR
10 30 21 20 BKRK
10 30 30 BBBR
10 30 30 11 BKRW
10 30 30 20 BKKR
11 BBKR
11 00 GWGW
11 00 02 YGYG
11 00 03 BBWB
11 00 03 01 WGYG
11 00 03 10 YGWG
11 00 04 WGWG
11 00 11 BGBY
11 00 11 02 GYYG
11 00 11 11 GGYG
11 00 11 20 YGGY
11 00 12 BBBY
11 00 12 00 GGWG
11 00 12 01 GYWG
11 00 12 10 WGGY
11 00 20 BBYY
11 00 20 10 GGGY
11 00 20 11 GYGY
11 00 21 BBBG
11 00 21 01 YGGW
11 00 21 10 GWYG
11 00 22 BBBG
11 00 22 01 WGGW
11 00 22 10 GWWG
11 00 30 BBBY
11 00 30 00 GGGW
11 00 30 01 GYGW
11 00 30 10 GWGY
11 01 BGRW
11 01 01 BBGY
11 01 01 02 GKYG
11 01 01 10 GKGK
11 01 01 11 GYGK
11 01 01 20 GKGY
11 01 02 BBGY
11 01 02 01 GKWG
11 01 02 02 GRYG
11 01 02 03 YYBG
11 01 02 10 GWGK
11 01 02 12 YYGB
11 01 02 20 GRGY
11 01 03 BYBG
11 01 03 02 WWGB
11 01 03 03 YWGB
11 01 03 10 GRWG
11 01 03 12 WYGB
11 01 03 20 WWBG
11 01 03 21 YWBG
11 01 03 30 WYBG
11 01 10 GBGY
11 01 10 03 KGYG
11 01 10 11 KGGK
11 01 10 12 YGGK
11 01 10 20 GGGK
11 01 10 21 KGGY
11 01 11 GRGY
11 01 11 02 KGWG
11 01 11 04 RGYG
11 01 11 11 WGGK
11 01 11 13 GYRG
11 01 11 20 GKGW
11 01 11 21 GRRG
11 01 11 22 RGGY
11 01 12 BBRG
11 01 12 02 GRGW
11 01 12 11 RGWG
11 01 12 20 GWRG
11 01 20 GBRR
11 01 20 01 KGGW
11 01 20 11 YGRG
11 01 20 12 RGRG
11 01 20 20 GGRG
11 01 21 BBBG
11 01 21 01 RGGW
11 01 21 10 WGRG
11 02 KKWG
11 02 01 BRBR
11 02 01 02 RYGB
11 02 01 11 YRGB
11 02 01 12 RRGB
11 02 02 BRBB
11 02 02 01 RGGK
11 02 02 10 GRGK
11 02 02 11 RWGB
11 02 02 20 WRGB
11 02 10 BRBR
11 02 10 11 RYBG
11 02 10 20 YRBG
11 02 10 21 RRBG
11 02 11 KRBG
11 02 11 03 YKGB
11 02 11 12 KYGB
11 02 11 21 RWBG
11 02 11 30 WRBG
11 02 12 BKBB
11 02 12 11 KWGB
11 02 12 20 WKGB
11 02 20 BKBB
11 02 20 01 KGRG
11 02 20 10 GKRG
11 02 20 11 KYBG
11 02 20 20 YKBG
11 02 21 BKBG
11 02 21 12 KKGB
11 02 21 21 KWBG
11 02 21 30 WKBG
11 02 30 KKBG
11 03 BKBG
11 03 03 KRGB
11 03 12 RKGB
11 03 21 KRBG
11 03 30 RKBG
11 10 BGKW
11 10 01 BBBY
11 10 01 00 GRGR
11 10 01 01 GYGR
11 10 02 BBBB
11 10 02 00 GWGR
11 10 02 10 GBYY
11 10 03 GBWY
11 10 10 GBBY
11 10 10 01 RGGR
11 10 10 02 YGGR
11 10 10 10 GGGR
11 10 11 BBGY
11 10 11 01 GKKG
11 10 11 02 GYKG
11 10 11 10 WGGR
11 10 12 BBBY
11 10 12 00 GWKG
11 10 12 10 GBWW
11 10 12 11 GBYW
11 10 20 GBBY
11 10 20 01 KGKG
11 10 20 02 YGKG
11 10 20 10 GGKG
11 10 20 12 BGYY
11 10 21 BBBB
11 10 21 00 WGKG
11 10 21 10 BGWY
11 10 30 BBBY
11 10 30 10 BGWW
11 10 30 11 BGYW
11 11 BWBY
11 11 00 BGGR
11 11 00 03 GRKG
11 11 00 12 RGKG
11 11 00 21 GKGR
11 11 00 30 KGGR
11 11 02 BBBW
11 11 02 10 GBYK
11 11 02 11 GBWK
11 11 02 20 GBRW
11 11 03 BBBW
11 11 03 11 YBYB
11 11 03 12 WBWB
11 11 04 BBWB
11 11 04 21 WBYB
11 11 04 30 YBWB
11 11 11 BBKW
11 11 11 10 GBRY
11 11 11 11 BGYK
11 11 11 12 BGWK
11 11 11 20 BGRW
11 11 12 BBBW
11 11 12 11 BYYB
11 11 12 21 YBBB
11 11 12 22 WBBB
11 11 12 30 WBBW
11 11 13 BBBG
11 11 13 11 BYWB
11 11 13 20 YBBW
11 11 20 BGRY
11 11 21 BBBG
11 11 21 11 BWWB
11 11 21 20 YBBY
11 11 21 21 BYBB
11 11 22 BBBW
11 11 22 12 BWYB
11 11 22 21 WBBY
11 11 22 30 BYBW
11 11 30 BBBW
11 11 30 20 BYBY
11 11 30 22 BWBB
11 11 30 30 BWBW
11 12 BKBW
11 12 02 BBRR
11 12 02 12 RBYB
11 12 02 20 GBRK
11 12 02 21 YBRB
11 12 02 22 RBRB
11 12 03 BBRB
11 12 03 20 KBYB
11 12 03 21 RBWB
11 12 03 30 WBRB
11 12 04 KBWB
11 12 11 BGYK
11 12 11 01 RBBB
11 12 11 02 RBBY
11 12 11 10 BRRB
11 12 11 11 BYRB
11 12 11 20 BRYB
11 12 11 30 BGRK
11 12 12 YRWB
11 12 12 01 KBBK
11 12 12 02 KBBY
11 12 12 10 KBBB
11 12 12 11 YBBK
11 12 12 12 BWRB
11 12 12 30 BRWB
11 12 13 WBBK
11 12 20 BBBB
11 12 20 20 BRBY
11 12 20 30 BRBB
11 12 21 BBBK
11 12 21 12 BKYB
11 12 21 20 RBBW
11 12 21 30 BYBK
11 12 22 BBBK
11 12 22 12 BKWB
11 12 22 21 KBBW
11 12 22 30 BWBK
11 12 30 BBBK
11 12 30 20 BRBW
11 12 30 21 BKBY
11 12 30 22 BKBB
11 12 30 30 BKBK
11 13 BGBK
11 13 03 KBRB
11 13 12 BKRB
11 13 21 RBBK
11 13 30 BRBK
11 20 BGKW
11 20 02 BBBY
11 20 02 10 GBRR
11 20 02 11 GBYR
11 20 03 GBWR
11 20 12 BBBK
11 20 12 11 GBKY
11 20 12 20 GBKK
11 20 20 BBBY
11 20 20 10 BGRR
11 20 20 11 BGYR
11 20 21 BGWR
11 20 22 GBKW
11 20 30 BBBK
11 20 30 11 BGKY
11 20 30 20 BGKK
11 21 BKBW
11 21 03 BBBY
11 21 03 11 KBKB
11 21 03 12 YBKB
11 21 04 WBKB
11 21 11 BBBY
11 21 11 20 RBBR
11 21 11 21 YBBR
11 21 12 BBBG
11 21 12 11 BYKB
11 21 12 20 WBBR
11 21 13 BWKB
11 21 20 BBBY
11 21 20 20 BRBR
11 21 20 21 BYBR
11 21 21 BBBG
11 21 21 11 BKKB
11 21 21 20 BWBR
11 22 BGBR
11 22 03 RBKB
11 22 12 BRKB
11 22 21 KBBR
11 22 30 BKBR
11 30 BGBB
11 30 02 GBKR
11 30 20 BGKR
12 BGBK
12 02 BRBW
12 02 01 GYGB
12 02 02 GWGB
12 02 11 GRGB
12 03 BBRW
12 03 01 GKGB
12 03 11 GBYB
12 03 12 GBWB
12 03 21 GBRB
12 04 GBKB
12 11 BGRW
12 11 02 GYBG
12 11 03 BBBR
12 11 03 10 GWBG
12 11 03 11 GRBG
12 11 11 BBBY
12 11 11 01 GGGB
12 11 11 02 YGGB
12 11 12 BBBR
12 11 12 01 WGGB
12 11 12 02 RGGB
12 12 BBBR
12 12 01 KGGB
12 12 10 GKBG
12 12 20 BBBW
12 12 20 20 GBBY
12 12 20 30 GBBW
12 12 21 GBBB
12 12 30 GBBR
12 20 BBRW
12 20 01 BBBY
12 20 01 10 GGBG
12 20 01 11 YGBG
12 20 02 BBBR
12 20 02 10 WGBG
12 20 02 11 RGBG
12 21 BBRW
12 21 01 KGBG
12 21 11 BGYB
12 21 12 BGWB
12 21 21 BGRB
12 22 BBBG
12 22 12 BGKB
12 22 21 GBBK
12 30 BBBR
12 30 20 BBBW
12 30 20 20 BGBY
12 30 20 30 BGBW
12 30 21 BGBB
12 30 30 BGBR
20 BGKR
20 01 GWBW
20 01 01 YYGG
20 01 02 WYGG
20 01 10 GYGG
20 01 11 YWGG
20 01 12 WWGG
20 01 20 GWGG
20 02 BKGW
20 02 02 YBYG
20 02 03 BBWW
20 02 03 11 WBYG
20 02 03 20 YBWG
20 02 03 21 WBWG
20 02 10 GRBR
20 02 10 02 RYGG
20 02 10 11 YRGG
20 02 10 12 RRGG
20 02 10 20 GRGG
20 02 11 BRBG
20 02 11 02 YBGY
20 02 11 10 KYGG
20 02 11 11 RWGG
20 02 11 20 WRGG
20 02 12 BBBB
20 02 12 00 KWGG
20 02 12 10 WBGY
20 02 20 GBBY
20 02 20 01 KKGG
20 02 20 02 YKGG
20 02 20 10 GKGG
20 02 21 BBBY
20 02 21 00 WKGG
20 02 21 10 WBGW
20 02 21 11 YBGW
20 03 BKGW
20 03 02 BBRR
20 03 02 11 RBYG
20 03 02 20 YBRG
20 03 02 21 RBRG
20 03 03 BBRB
20 03 03 10 KBYG
20 03 03 11 RBWG
20 03 03 20 WBRG
20 03 04 KBWG
20 03 11 BBBB
20 03 11 00 KRGG
20 03 11 10 RBGY
20 03 12 BBBY
20 03 12 10 KBGK
20 03 12 11 YBGK
20 03 12 20 KBGY
20 03 13 WBGK
20 03 20 RKGG
20 03 21 RBGW
20 03 22 KBGW
20 04 BBBG
20 04 11 RBGK
20 04 20 KBRG
20 10 BKBW
20 10 00 BBBY
20 10 00 00 GGGG
20 10 00 01 YGGG
20 10 01 WGGG
20 10 11 BBBB
20 10 11 20 BBYY
20 10 11 30 BBYB
20 10 12 BBBB
20 10 12 20 BBWY
20 10 12 30 BBWB
20 10 20 BBBB
20 10 20 30 BBBY
20 10 21 BBBY
20 10 21 20 BBWW
20 10 21 21 BBYW
20 10 30 BBBW
20 11 GBWY
20 11 01 BBBK
20 11 01 00 RGGG
20 11 01 01 KGGG
20 11 03 BBBG
20 11 03 11 BWGW
20 11 03 20 BYYG
20 11 04 BBBG
20 11 04 11 BYGW
20 11 04 20 BWYG
20 11 10 BBBG
20 11 10 21 BBRB
20 11 10 30 BBBK
20 11 11 BBBK
20 11 11 20 BBRW
20 11 11 30 BBYK
20 11 12 BBBG
20 11 12 11 BYGY
20 11 12 20 BWWG
20 11 13 BBBG
20 11 13 11 BWGY
20 11 13 20 BYWG
20 11 20 BBBK
20 11 20 20 BBRY
20 11 20 30 BBWK
20 12 BGRW
20 12 02 BBBY
20 12 02 10 KBKG
20 12 02 11 YBKG
20 12 03 BBGY
20 12 03 11 WBKG
20 12 03 20 RBGR
20 12 03 21 YBGR
20 12 04 WBGR
20 12 11 BBGY
20 12 11 12 BKYG
20 12 11 20 BKGK
20 12 11 21 BYGK
20 12 11 30 BKGY
20 12 12 BBGK
20 12 12 11 BRYG
20 12 12 12 BKWG
20 12 12 20 BRGY
20 12 12 30 BWGK
20 12 13 BRWG
20 12 20 BBRK
20 12 21 BBGY
20 12 21 11 BRRG
20 12 21 12 BYRG
20 12 21 20 BKGW
20 12 22 BBBG
20 12 22 11 BRGW
20 12 22 20 BWRG
20 13 BKGK
20 13 03 RBKG
20 13 12 KBGR
20 13 21 BKRG
20 13 30 BRGK
20 20 BWKY
20 20 10 BBBB
20 20 10 20 BBRR
20 20 10 30 BBBR
20 20 11 BBBW
20 20 11 20 BBYR
20 20 11 21 BBWR
20 20 20 BBBB
20 20 20 20 BBKK
20 20 20 30 BBKB
20 20 21 BBKW
20 20 30 BBKY
20 21 KWGY
20 21 02 BKKG
20 21 03 BYKG
20 21 10 BRGR
20 21 11 BYGR
20 21 12 BWKG
20 21 20 BWGR
20 22 BBBG
20 22 11 BKGR
20 22 20 BRKG
20 30 BBKR
21 BGGK
21 02 RBBW
21 02 20 YBBG
21 02 21 WBBG
21 02 30 RBBG
21 03 GBRW
21 03 11 KBBG
21 03 20 GBYG
21 03 21 GBWG
21 03 30 GBRG
21 04 GBKG
21 11 RWBG
21 11 02 YBGB
21 11 03 WBGB
21 11 12 RBGB
21 11 20 BYBG
21 11 21 BRBG
21 11 30 BWBG
21 12 GBRW
21 12 02 BKBG
21 12 11 KBGB
21 12 20 GBGY
21 12 21 GBGR
21 12 30 GBGW
21 20 BRBW
21 20 11 BYGB
21 20 12 BWGB
21 20 21 BRGB
21 21 BGRW
21 21 11 BKGB
21 21 20 BGYG
21 21 21 BGWG
21 21 30 BGRG
21 22 BBBG
21 22 11 GBGK
21 22 20 BGKG
21 30 BBRW
21 30 10 BGGY
21 30 11 BGGR
21 30 20 BGGW
22 BGBK
22 03 GBGB
22 12 GBBG
22 21 BGGB
22 30 BGBG
30 BGGK
30 11 BBBR
30 11 20 BBBW
30 11 20 20 BBYG
30 11 20 21 BBWG
30 11 21 BBRG
30 11 30 BBBG
30 12 BBRW
30 12 10 BBBY
30 12 10 10 GBGG
30 12 10 11 YBGG
30 12 11 BBBR
30 12 11 10 WBGG
30 12 11 11 RBGG
30 12 20 BBKG
30 13 KBGG
30 20 BBBR
30 20 20 BBBW
30 20 20 20 BBGY
30 20 20 30 BBGW
30 20 21 BBGB
30 20 30 BBGR
30 21 BRBW
30 21 10 BYGG
30 21 11 BWGG
30 21 20 BRGG
30 22 BKGG
30 30 BBBB
30 30 10 BGGG
30 30 20 BBGK
